a1: [  1.          -7.68711423  26.03448042 -50.7316575   62.20669446
 -49.14868577  24.43514379  -6.98977221   0.88091573]
b1: [  0.93857111  -7.33107588  25.22762021 -49.94753898  62.22485175
 -49.94753898  25.22762021  -7.33107588   0.93857111]

a2: [  1.          -7.1342226   22.95809628 -43.4111716   52.69137847
 -42.02258951  21.51288434  -6.47129733   0.87806734]
b2: [  0.93705247  -6.79557738  22.22898066 -42.72406314  52.70836016
 -42.72406314  22.22898066  -6.79557738   0.93705247]

a3: [  1.          -6.2459606   18.49956531 -33.35962412  39.8747109
 -32.28250084  17.32421382  -5.66027257   0.87697203]
b3: [  0.93646785  -5.94670994  17.90680566 -32.82746913  39.88891504
 -32.82746913  17.90680566  -5.94670994   0.93646785]

a4: [  1.          -5.06284875  13.48107703 -22.80320848  26.77924902
 -22.06307799  12.62015412  -4.58568507   0.87635619]
b4: [  0.93613898  -4.81901945  13.04724051 -22.43839069  26.79007737
 -22.43839069  13.04724051  -4.81901945   0.93613898]
